24 100
sentence -0.0005362373 0.00023643578 0.005103445 0.009009441 -0.009303124 -0.007116942 0.0064589935 0.008973157 -0.0050155222 -0.0037634422 0.007380643 -0.0015335002 -0.0045366986 0.0065541747 -0.0048602517 -0.0018160517 0.0028766338 0.0009918924 -0.008285371 -0.009448995 0.007311903 0.005070357 0.00675782 0.00076287985 0.0063510095 -0.0034054297 -0.00094641914 0.0057686814 -0.007521779 -0.003936177 -0.007511723 -0.00093005964 0.009538298 -0.007319304 -0.0023338124 -0.0019377774 0.008077589 -0.005931007 4.5163288e-05 -0.004753823 -0.00960373 0.005007387 -0.008759749 -0.0043919077 -3.5100642e-05 -0.000296187 -0.0076613836 0.009614923 0.0049821516 0.009233316 -0.00815807 0.0044958824 -0.0041371533 0.0008245515 0.0084987795 -0.0044622603 0.004517585 -0.0067870873 -0.0035485553 0.009398684 -0.0015776822 0.0003213776 -0.0041407077 -0.007682832 -0.0015080365 0.0024698412 -0.0008880436 0.0055337655 -0.0027430286 0.0022601075 0.0054558967 0.00834611 -0.0014537679 -0.009208315 0.0043706344 0.0005717957 0.0074420474 -0.000813298 -0.0026384632 -0.008753173 -0.00085657294 0.0028266162 0.00540153 0.0070527885 -0.0057032285 0.0018588545 0.0060889777 -0.004798141 -0.0031073187 0.006797757 0.0016315063 0.00018992065 0.0034737024 0.00021778156 0.009619007 0.005060699 -0.008917557 -0.0070416923 0.00090147275 0.0063926536
the -0.0086196875 0.003665738 0.0051898835 0.0057419385 0.0074669183 -0.0061676754 0.0011056137 0.0060472824 -0.0028400505 -0.0061735227 -0.000410223 -0.0083689485 -0.0056000124 0.007104539 0.0033525396 0.0072256695 0.0068002474 0.007530742 -0.0037891543 -0.00056180597 0.0023483764 -0.0045190323 0.008388732 -0.009858164 0.006764641 0.0029144168 -0.0049328315 0.0043981876 -0.0017395747 0.0067113843 0.00996485 -0.0043624435 -0.0005993378 -0.0056956373 0.0038508223 0.0027866268 0.0068910765 0.0061010956 0.009538497 0.009273417 0.007898068 -0.006989504 -0.009155865 -0.0003557527 -0.0030998408 0.007894317 0.005938574 -0.0015456629 0.0015109634 0.0017900408 0.007817571 -0.0095101865 -0.00020553112 0.0034691966 -0.0009389722 0.008381772 0.009010783 0.0065365066 -0.000711621 0.007710404 -0.008534335 0.0032071066 -0.004637997 -0.005088955 0.0035896183 0.0053703394 0.0077695143 -0.0057665063 0.007433361 0.0066254963 -0.0037098003 -0.008745641 0.0054374672 0.0065097557 -0.00078755023 -0.006709856 -0.0070859254 -0.0024970602 0.0051432536 -0.0036652375 -0.00937006 0.0038267397 0.004884479 -0.0064285635 0.0012085581 -0.002074877 2.4403334e-05 -0.009883509 0.0026920044 -0.0047501065 0.0010876465 -0.0015762246 0.002196673 -0.007881576 -0.002717184 0.0026631986 0.005346682 -0.0023915148 -0.009510094 0.004505879
is 9.456396e-05 0.0030773198 -0.006812645 -0.0013754654 0.007668581 0.0073464094 -0.0036732971 0.0026427018 -0.00831713 0.006205486 -0.0046373224 -0.0031641065 0.009311357 0.0008733857 0.007490703 -0.0060740625 0.005160507 0.009922823 -0.0084573915 -0.0051356913 -0.007064837 -0.0048626517 -0.0037785638 -0.008536199 0.007955606 -0.004843938 0.008423613 0.0052625705 -0.006550026 0.0039578713 0.0054701497 -0.007426536 -0.0074057197 -0.0024752307 -0.008625725 -0.0015815723 -0.00040343284 0.0032996845 0.0014418805 -0.00088142155 -0.005594058 0.0017303658 -0.0008973718 0.006793691 0.00397359 0.0045294715 0.0014343059 -0.0026998555 -0.0043668128 -0.0010320747 0.0014370275 -0.0026460087 -0.007073783 -0.007805307 -0.009121787 -0.0059351693 -0.0018474245 -0.0043238713 -0.0064606704 -0.0037173224 0.0042891586 -0.0037390434 0.008378175 0.0015339935 -0.0072423196 0.0094337985 0.0076312125 0.005493282 -0.0068488456 0.005822679 0.004009093 0.0051853694 0.0042559016 0.0019397545 -0.0031701624 0.008353845 0.00961218 0.003792603 -0.002836995 7.1275235e-06 0.0012188185 -0.008458325 -0.008223945 -0.00023101569 0.0012372875 -0.0057433806 -0.0047252737 -0.0073460746 0.008328616 0.00012129784 -0.0045093987 0.0057017053 0.009180015 -0.004099872 0.007964682 0.005375434 0.005879123 0.0005125904 0.008213084 -0.0070190406
this -0.008242678 0.009299355 -0.00019766092 -0.0019672764 0.0046036304 -0.004095316 0.0027431143 0.0069399667 0.006065426 -0.0075107943 0.00938235 0.0046718083 0.0039661205 -0.0062435055 0.00845998 -0.002150165 0.008825188 -0.0053620026 -0.008129419 0.006824559 0.0016711927 -0.002198509 0.009513601 0.009493855 -0.009774047 0.0025052286 0.0061566923 0.0038724565 0.0020227872 0.0004305017 0.00067363144 -0.0038206363 -0.0071402504 -0.0020888723 0.0039238976 0.008818683 0.00925915 -0.0059759365 -0.009402671 0.009764377 0.0034297847 0.005166117 0.006282345 -0.0028042626 0.0073227035 0.0028302716 0.0028710044 -0.00238037 -0.0031282497 -0.0023701417 0.0042764368 7.605791e-05 -0.009584279 -0.009665544 -0.006148194 -0.0001285696 0.001997416 0.0094319675 0.005584351 -0.0042906962 0.00027831673 0.0049643586 0.0076983096 -0.0011442233 0.0043234206 -0.0058143795 -0.00080419064 0.0081000505 -0.002360065 -0.009663455 0.0057792603 -0.0039298222 -0.0012228728 0.009980517 -0.0022563506 -0.0047570644 -0.0053293873 0.00698089 -0.005708872 0.002113663 -0.00525566 0.006120714 0.0043573068 0.002606355 -0.001491083 -0.0027460635 0.008992936 0.0052157748 -0.0021625196 -0.00947031 -0.007426052 -0.0010637414 -0.00079494715 -0.0025629092 0.0096827205 -0.00045852066 0.005873761 -0.0074475873 -0.0025060738 -0.0055498634
Advanced 0.007088797 -0.00156793 0.007947499 -0.009488659 -0.008029499 -0.006640371 -0.0040034545 0.004989216 -0.0038135587 -0.008319905 0.008411777 -0.003747002 0.008608696 -0.0048957514 0.003918594 0.004922017 0.0023926091 -0.0028188038 0.0028491246 -0.008256236 -0.0027655398 -0.0025911583 0.007249006 -0.003463403 -0.006599703 0.004340427 -0.00047448516 -0.0035975564 0.006882472 0.0038723124 -0.0039002013 0.0007718885 0.009143502 0.007754656 0.006361872 0.0046673026 0.0023844899 -0.0018416261 -0.006371293 -0.0003018105 -0.0015653884 -0.0005722857 -0.006262871 0.0074340473 -0.006591493 -0.0072392775 -0.0027571463 -0.0015154004 -0.0076357173 0.000698241 -0.0053261113 -0.0012755442 -0.0073651113 0.0019605684 0.0032731986 -2.3138524e-05 -0.005448358 -0.0017260861 0.007084917 0.0037362587 -0.008881049 -0.0034135508 0.0023541022 0.0021380198 -0.009464008 0.004571166 -0.008656997 -0.007387068 0.003483112 -0.0034709584 0.003564471 0.008894091 -0.0035743224 0.009320425 0.0017110384 0.009847774 0.005705043 -0.009149483 -0.0033277308 0.006530175 0.0056027793 0.008705515 0.0069261026 0.008038888 -0.009823008 0.0042988253 -0.0050300765 0.003512386 0.006056688 0.0043921317 0.0075123594 0.0014977157 -0.0012649416 0.0057684006 -0.0056395675 3.8591625e-05 0.009456587 -0.00548125 0.0038142789 -0.008113021
users 0.009770293 0.008165114 0.0012809718 0.0050975787 0.0014081288 -0.0064551616 -0.001428051 0.0064491653 -0.004617306 -0.0039930656 0.0049244044 0.0027130984 -0.0018479753 -0.0028769434 0.0060107317 -0.0057167388 -0.0032367026 -0.006487825 -0.0042346325 -0.008580995 -0.004469789 -0.008511229 0.0014037776 -0.0086181965 -0.009916656 -0.008201625 -0.006772666 0.006680585 0.0037845564 0.00035616636 -0.0029579818 -0.0074283206 0.0005334187 0.0004998922 0.00019561886 0.00085259555 0.0007863307 -6.81603e-05 -0.008007054 -0.0058702733 -0.008382912 -0.0013120425 0.001820637 0.007417128 -0.001963427 -0.0023252917 0.009487155 7.970452e-05 -0.0024045217 0.008604847 0.0026870037 -0.0053439722 0.006588106 0.0045101536 -0.007054467 -0.000323174 0.0008344865 0.0057473574 -0.0017176545 -0.00280653 0.0017484308 0.0008471715 0.0011928272 -0.0026342822 -0.0059857843 0.007322984 0.0075873756 0.0082963575 -0.008598847 0.0026364254 -0.0035599626 0.009620404 0.0029037679 0.0046411133 0.0023856151 0.006608478 -0.0057432903 0.007894413 -0.002410922 -0.0045618857 -0.0020609903 0.009733558 -0.0068565905 -0.00219172 0.0070009995 -5.5749417e-05 -0.006294967 -0.0063935257 0.008940395 0.006429576 0.004773593 -0.0032620477 -0.00926762 0.0037868882 0.0071605504 -0.0056328895 -0.007865013 -0.00297274 -0.0049318983 -0.0023151112
can -0.0019442164 -0.0052675214 0.009447114 -0.0092987325 0.0045039477 0.005404178 -0.0014092624 0.009007093 0.00988536 -0.005475043 -0.006021 -0.006746973 -0.007894882 -0.0030479168 -0.005594027 -0.00834468 0.00078290224 0.0029946566 0.0064147436 -0.00262895 -0.0044534765 0.0012495709 0.00039146186 0.008116999 0.00018280029 0.007231586 -0.008264516 0.008433537 -0.0018889094 0.008701154 -0.007616837 0.0017963862 0.0010564864 4.600525e-05 -0.0051032533 -0.009247698 -0.0072642174 -0.007951174 0.0019137275 0.00047846674 -0.0018131376 0.007120166 -0.002475692 -0.0013473093 -0.008900564 -0.009925413 0.008949398 -0.005753938 -0.0063729975 0.005199407 0.0066699935 -0.0068316413 0.0009597599 -0.0060084737 0.0016473436 -0.0042892788 -0.0034407973 0.0021856665 0.0086615775 0.0067281104 -0.009677057 -0.0056221043 0.007880333 0.0019893574 -0.004256052 0.0005988121 0.009520961 -0.0011027169 -0.009424638 0.0016084099 0.006232355 0.00628237 0.0040916502 -0.005650239 -0.00037069322 -5.531788e-05 0.0045717955 -0.0080415895 -0.008018309 0.0002647507 -0.008608299 0.0058201565 -0.00041781188 0.009971177 -0.0053439774 -0.00048613906 0.0077567734 -0.0040679323 -0.0050159004 0.0015900708 0.0026506938 -0.0025649595 0.0064475285 -0.0076599526 0.0033935606 0.00048997044 0.008732183 0.005982714 0.006815362 0.007822544
load -0.009500106 0.009562218 -0.0077708843 -0.0026457359 -0.004906174 -0.004966517 -0.008023754 -0.0077838115 -0.004553085 -0.0012752666 -0.0051031746 0.006140581 -0.009516505 -0.00530727 0.009437275 0.0069913752 0.007675743 0.0042347144 0.0005073018 -0.0059809047 0.006018592 0.0026349027 0.007699263 0.006393824 0.00794241 0.008657493 -0.009895731 -0.0067558507 0.0013377648 0.006440403 0.007374006 0.005517004 0.007661384 -0.005125383 0.0065844688 -0.004108324 -0.0090555465 0.00914183 0.0013314033 -0.0027595593 -0.0024776 -0.0042206054 0.004812558 0.004400333 -0.0026533618 -0.0073418734 -0.003565658 -0.00033685777 0.0060957666 -0.0028375718 -0.00012068878 0.0008796128 -0.007095545 0.002064981 -0.0014326384 0.0028022618 0.0048421076 -0.0013518478 -0.0027800533 0.00773841 0.005045639 0.0067135138 0.004515748 0.008667349 0.007475008 -0.0010819499 0.008747661 0.0046015787 0.0054407027 -0.0013861418 -0.0020414563 -0.0044245566 -0.0085151605 0.0030379607 0.008883081 0.008919727 -0.0019425425 0.006086178 0.0037797901 -0.0042957445 0.0020429457 -0.0054379567 0.008208755 0.00543273 0.0031845784 0.0041025216 0.008656996 0.007272156 -0.0008333947 -0.00707294 0.008380432 0.007233579 0.0017303841 -0.0013474972 -0.005890335 -0.0045332187 0.008648192 -0.0031349298 -0.006338842 0.009869916
a 0.0076972693 0.009121845 0.0011398422 -0.008322011 0.008424626 -0.003696629 0.0057411697 0.004394418 0.009689569 -0.009294393 0.009207828 -0.00928429 -0.0069061248 -0.009099777 -0.0055484315 0.0073697097 0.009164073 -0.0033265308 0.0037235639 -0.0036279499 0.007885324 0.0058681965 -1.0160143e-06 -0.0036266316 -0.007223019 0.004773118 0.0014515477 -0.0026141284 0.007839219 -0.0040500783 -0.009148808 -0.0022567355 0.0001258149 -0.006644972 -0.0054844674 -0.008499645 0.0092318095 0.007421835 -0.00029833845 0.0073656924 0.007951185 -0.00078589766 0.0066102766 0.0037682147 0.0050761336 0.0072505227 -0.0047423025 -0.0021872532 0.00087317894 0.0042372537 0.003306502 0.0050965515 0.004584192 -0.008436418 -0.003183014 -0.007237046 0.0096812835 0.0050035594 0.00016750055 0.0041128467 -0.00765803 -0.006292711 0.003074623 0.006538516 0.003951455 0.006020338 -0.00198627 -0.003342182 0.00020828086 -0.00319215 -0.005514941 -0.007785466 0.0065354896 -0.0010926035 -0.001889918 -0.007806298 0.009340453 0.0008686562 0.0017735173 0.002494072 -0.0073897596 0.001637286 0.0029787866 -0.008569188 0.004952577 0.002435638 0.007499436 0.005043442 -0.003032491 -0.0071619265 0.007101719 0.0019011503 0.005200999 0.0063823406 0.0019113709 -0.006126661 -1.0114609e-05 0.008269345 -0.006101647 0.009441866
model -0.0071909428 0.0042328904 0.0021633946 0.0074407146 -0.004889265 -0.0045643463 -0.006098174 0.0032993674 -0.004499463 0.008522885 -0.004288827 -0.00910542 -0.0048163556 0.0064164903 -0.006371324 -0.0052615367 -0.007304411 0.0060222615 0.003357594 0.0028483903 -0.0031385506 0.006030891 -0.0061527453 -0.0019801008 -0.005983082 -0.0009956801 -0.002020986 0.008485946 7.800102e-05 -0.008575326 -0.0054290984 -0.006875986 0.0026923812 0.009456648 -0.005815996 0.008265026 0.008532052 -0.007062639 -0.008883213 0.009469184 0.008374364 -0.0046908916 -0.006726041 0.007842137 0.0037633455 0.008095504 -0.007571546 -0.009525085 0.001577406 -0.009805768 -0.0048858845 -0.0034601032 0.009620923 0.008623569 -0.0028356076 0.005826873 0.008237095 -0.002262981 0.009528542 0.007160215 0.0020415008 -0.0038487636 -0.00508175 -0.0030516528 0.0078878645 -0.0061904346 -0.0029150224 0.009191022 0.0034566557 0.006072612 -0.008032816 -0.0007515049 0.0055224476 -0.0047144685 0.0074784933 0.009319591 -0.00040936828 -0.002063601 -0.0005933583 -0.0057858895 -0.008386281 -0.0015068734 -0.0025571836 0.004382434 -0.0068675173 0.0054136957 -0.0067450856 -0.00782029 0.008471712 0.008918614 -0.0034812402 0.0034914147 -0.005795735 -0.008750086 -0.0055155717 0.006748729 0.0064177597 0.009438073 0.007055285 0.0067549525
and 0.0012985916 -0.009800794 0.004593194 -0.00052915287 0.006328488 0.0017800088 -0.003132187 0.0077641574 0.0015515375 5.2016432e-05 -0.0046146647 -0.008457342 -0.007765486 0.00867492 -0.0089243315 0.009038488 -0.009283012 -0.0002766389 -0.0019065469 -0.008934752 0.008636206 0.0067824293 0.0030175904 0.0048401835 0.00011888944 0.009432702 0.0070159314 -0.009851543 -0.0044311676 -0.0012905115 0.0030453352 -0.004323859 0.0014517725 -0.007855727 0.0027823318 0.004704014 0.0049431203 -0.0031805602 -0.0084330365 -0.009221102 -0.0007246934 -0.0073298286 -0.0068220957 0.006118953 0.007169277 0.0021126263 -0.007903061 -0.005698185 0.008052487 0.003921318 -0.005237612 -0.007391796 0.00076421443 0.0034693046 0.0020824661 0.0031028457 -0.005621528 -0.009896721 -0.0070249853 0.00023276647 0.0046148356 0.0045299074 0.001878293 0.0051761726 -0.00010113377 0.004117119 -0.009123359 0.007706043 0.006146957 0.0051297136 0.007207936 0.0084456755 0.0007368876 -0.0017105793 0.00051805476 -0.009315512 0.008406547 -0.0063800155 0.008432928 -0.0042426256 0.000640874 -0.009165541 -0.009550949 -0.007839007 -0.0077372603 0.00038014728 -0.0072223158 -0.0049511986 -0.005270831 -0.0042875633 0.0070198593 0.0048289867 0.008682789 0.00709592 -0.0056944145 0.007239054 -0.009300998 -0.0025878053 -0.007761126 0.004201477
continue 0.0018000251 0.00704916 0.0029496548 -0.0069742543 0.00771087 -0.005992471 0.008997028 0.0029628554 -0.004017993 -0.0046933666 -0.0044193594 -0.006151109 0.009381873 -0.0026455743 0.007775032 -0.0096772285 0.0021074137 -0.0012338146 0.0075473227 -0.009058231 0.0074434816 -0.0051019527 -0.006017029 -0.005644462 -0.00337505 -0.0034038424 -0.0032008297 -0.007490911 0.00071189436 -0.00057665206 -0.0016862719 0.0037583539 -0.0076212366 -0.0032295184 0.005158544 0.008546964 -0.009805293 0.007191743 0.00530346 -0.0038787287 0.008578064 -0.009224879 0.0072440268 0.005362408 0.0012914964 -0.0052038645 -0.0041820128 -0.0033575015 0.0016082725 0.0015863179 0.0073924228 0.009977363 0.008862192 -0.0040015974 0.00964843 -0.00062638725 0.004864721 0.0025436166 -0.0006322015 0.003668485 -0.005324506 -0.005755824 -0.00760575 0.0019119976 0.006530351 0.0008855734 0.0012555473 0.0031741129 0.008134464 -0.007695903 0.002260534 -0.0074701062 0.0037087118 0.009505746 0.0075197387 0.0064276094 0.008015397 0.0065518543 0.00686104 0.008685883 -0.004954045 0.009213163 0.0050658947 -0.0021331792 0.0084836 0.005085417 0.009653121 0.002832366 0.009869631 0.0011985187 0.009135532 0.0035863942 0.006563556 -0.0036095644 0.0067933025 0.0072419825 -0.0021375185 -0.0018595733 0.0036095765 -0.0070288596
training 0.00973555 -0.009780383 -0.00649949 0.002783786 0.0064319875 -0.005367367 0.0027524924 0.009121311 -0.0068154214 -0.006099912 -0.0049896417 -0.0036764122 0.0018497157 0.009682633 0.006437776 0.0003970921 0.0024707688 0.008440491 0.009128979 0.0056287525 0.005946263 -0.007620686 -0.003827672 -0.005680332 0.006181774 -0.0022564495 -0.008779435 0.007619125 0.008399683 -0.003320235 0.009116659 -0.0007383597 -0.0036265193 -0.00038469076 0.00019442677 -0.003504896 0.0028132414 0.005729705 0.0068690097 -0.008903466 -0.0021927285 -0.0054817973 0.0075211 0.006501703 -0.0043607224 0.002326833 -0.005953661 0.00023649573 0.00946176 -0.0026098418 -0.0051877177 -0.0073972093 -0.002911942 -0.00086431386 0.0035278618 0.009741889 -0.0033892752 0.0019017685 0.009681009 0.0015315866 0.0009864962 0.009802371 0.00929546 0.0077080666 -0.0061705266 0.009983986 0.005848987 0.009072666 -0.0019951987 0.003349936 0.006833557 -0.0038937568 0.0066428506 0.0025628626 0.00931373 -0.003035804 -0.0031093692 0.00621539 -0.009078246 -0.0072539914 -0.006500026 -0.0007490742 -0.0023630215 0.006815519 0.009236592 -0.0009097588 0.0014128244 0.0020203567 -0.0020197988 -0.008034341 0.00744105 -0.0042979014 0.0045765187 0.009089704 0.0030432225 0.0031387901 0.004061829 -0.0027012168 0.0038247693 0.00033762335
it 0.005628238 0.0055028214 0.0018318756 0.005753997 -0.008966024 0.0065570213 0.009226923 -0.004204184 0.0016067069 -0.005237411 0.0010588329 0.002765568 0.0081619425 0.00054481777 0.0025558968 0.0013001614 0.008402182 -0.0057065897 -0.006260558 -0.0036310507 -0.0022959444 0.005043758 -0.008122702 -0.0028282334 -0.008193288 0.005155643 -0.0025716238 -0.009068548 0.0040747053 0.009016719 -0.0030409195 -0.0058376556 0.0030216703 -0.0004425866 -0.009976731 0.008419428 -0.007336843 -0.00493259 -0.0026602154 -0.005453623 0.0017177005 0.009707915 0.0045697764 0.008090634 -0.00047144454 0.00064440223 -0.0026716003 -0.008781976 0.0034311707 0.0020931188 -0.009418018 -0.004968051 -0.009739036 -0.005718626 0.0040662996 0.008641296 0.004111439 0.0023827914 0.00814051 -0.0011177203 -0.001401484 -0.008745894 -0.00012585278 -0.0025623462 0.00039023708 0.007282638 -0.007042524 -0.00394242 -0.0066653527 -0.0035432172 -0.0033160131 0.0021386468 0.0033292829 -0.00495888 -0.004547345 0.0011383378 0.005454858 0.005374838 -0.002963176 -0.004262791 -0.0056216232 -0.000545806 0.0019514633 0.0015205833 0.007350299 -0.0027299414 -5.9331232e-05 -0.005528566 -0.0011681315 -0.0077138986 -0.00095227343 0.001311199 -0.008592799 0.00875229 -0.009207659 -0.009627889 -0.008516153 0.0073145917 0.005461221 0.00925535
with 0.0025675094 0.0008458589 -0.0025387406 0.009353229 0.0027569802 0.0040931622 -0.0011867507 0.00090457685 0.006623436 -0.00072688726 0.0033382275 -0.000672395 0.005245191 0.003640211 0.002585588 -0.0053078593 -0.0047056614 0.004307245 -0.005903674 -0.00018381949 -0.00062827533 0.0034934161 -0.008438545 0.008815868 -0.001449168 -0.005327518 0.0040528043 -0.0019373643 -0.0077648656 -0.0044968813 -0.0003828951 -0.008944923 0.0005689336 0.0024382935 -0.0032224003 0.0025675148 0.0024803777 0.009992138 0.0014291249 0.0020206214 0.0027818377 -0.0020802757 -0.008695677 0.008022038 -0.001973881 -0.009696122 -0.0065548075 -0.003945964 0.0039561354 0.005038944 0.00608782 -0.006768438 0.0006912618 -0.002772801 -0.0052103926 0.0069822497 0.0039541023 -0.0031052015 -0.0082783485 -0.005139576 -0.0006489456 0.007813776 0.0060439776 -0.0084467605 -0.009561479 0.0071341777 -0.002324761 -0.0036919257 0.0057550296 -0.0058429823 0.005094834 -0.00024303587 -0.006878349 -0.00033048715 0.0063648717 0.009294204 0.0022238486 0.005051366 -0.0049724425 -0.0007967682 -0.005317488 0.001187374 -0.0017925054 -0.0036311366 -0.0070145885 0.009655983 0.002976038 -0.0022771126 -0.004186169 0.007714726 -0.006477474 0.0031221386 0.0007894918 0.008319659 0.006835031 -0.0029045437 0.0025393218 -0.0016677256 -0.009456832 -0.0026110755
more 0.0013321964 0.0065438435 0.009990447 0.009072184 -0.008018042 0.0064874953 -0.005715245 -0.00096654997 0.00047983398 0.006577703 0.0044686957 0.004598653 0.0094866995 0.0003874475 -0.006037489 -0.006327302 0.0064284755 -0.005242521 -0.0028481313 0.004073026 -0.0022851315 -0.0060207304 -0.0023276869 0.0012129513 0.0021892842 0.00609006 -0.005218936 0.0030821967 0.007243059 0.0021935792 0.005392797 -0.004844848 0.0061527877 -0.0076097716 0.0034961097 -0.009318759 -0.0025967704 -0.009078868 -0.0015944194 -0.005362921 -0.0039442927 0.0011519096 0.0027922338 -0.0015288452 -0.008173556 -0.0059219147 0.00081676274 -0.0039447807 -0.009431043 -0.0007748686 0.0066371635 0.005978804 -0.009923474 0.0031239747 -0.005983193 -0.009179165 0.00016858925 -0.00037640505 -0.0069746394 -0.006278424 -0.0024318767 0.007098176 -0.0075476193 0.007702015 -0.00047154768 0.0010963149 0.009480996 0.0047315643 -0.0035745867 0.003741116 0.003519507 0.006342203 6.869069e-05 -0.0044307974 0.0013157153 -0.0054125413 0.001410988 0.0049254578 0.005158743 0.0091846585 -0.007519286 -0.0054026335 0.0064771334 0.001352341 -0.0066175996 0.00088882167 0.0026809752 -0.0025301448 -0.004957496 0.005007687 0.009627278 -0.0073661744 -0.00011689225 -0.0025621164 -0.006363091 -0.0013808889 -0.0052571916 0.009059844 -0.005792711 0.003693563
sentences -0.00023709227 0.004217985 0.0021181398 0.010002479 0.00062811177 -0.005465956 -0.0011791417 0.0020744184 -0.0033751638 -0.0078484565 -0.005600392 -0.0067533096 0.006356756 0.003927319 0.008215449 0.006520062 -0.006132291 0.002716069 0.00847265 0.0015952752 0.0030697326 0.005814752 -0.008842505 0.009127801 0.006822559 0.008512129 -0.008227454 0.00617924 0.0066289445 -0.0013593263 -0.006297091 0.005326614 -0.006860774 -0.005326588 0.0035129087 0.008084632 0.008697977 -0.0044105165 -0.009192663 0.009608633 0.006289685 -0.0039666756 -0.008466289 -0.0047208923 -0.003958619 -0.0032749034 0.0008184371 -0.00029572938 -0.0031131585 -0.0059958016 0.009421944 -0.004726733 -0.007264797 0.0076884255 0.002520886 0.008628714 -0.004467896 -0.0068969545 0.0009839557 -0.0011732472 -0.009400233 -0.0016028055 0.0030491226 0.0065656765 0.006845914 0.0032096154 -0.0044460082 -0.0018377029 -0.0039420845 0.0057776533 -0.0063578174 0.0021076752 -0.0013450948 -0.0058172755 -0.0072489316 0.005853086 -0.008359346 -0.00068909314 0.0028286388 0.007740493 -0.0073008356 0.0033058973 0.009811038 -0.006978914 -0.0035391909 0.0051351427 0.0052384282 0.0016217342 0.007973156 0.0008348813 0.0018719687 -0.0016070209 -0.008167951 0.003258962 0.0019686078 -0.008734088 -0.00067985535 7.5580014e-05 -5.364364e-06 0.008712117
ds -0.0025073192 -0.005902852 0.0074853227 -0.0072584706 -0.008964064 -0.0017905798 -0.008365741 0.00039239426 0.0019453057 -0.002471315 -0.006449201 -0.00032443798 -0.0010955082 0.00349495 0.008127714 0.0058552646 0.008438592 -0.008968371 0.009444755 -0.0023663547 0.008698276 0.0023851446 0.0035821311 -0.009581225 -0.009486619 0.008984532 -0.002896965 0.0028168815 0.0064202836 -0.00030113442 0.009719804 -0.0010332493 -0.009675919 -0.0070560267 -0.0010425615 -0.008671592 0.0074232863 0.0036180671 -0.008748652 0.008480788 0.008932085 0.005845622 0.006908168 -0.009571302 0.0004926866 -0.009220791 -0.003666406 0.00025241057 -0.00028104262 0.0014649838 0.0032798303 0.0021267051 0.0053205495 0.007521354 -0.005883756 0.00795865 0.005990332 0.009784512 0.00462389 -0.003327999 -0.0037491028 -0.0006306845 -0.0016560073 0.009873222 0.0011242852 0.0040083285 0.0034162344 -0.008851369 0.006720578 0.008191634 -0.001666029 0.0023339996 -0.0064778947 -0.006126145 0.008214549 -0.0030452688 0.0067402385 0.0015526891 -0.001980192 0.0030580491 -0.0040231845 -0.00178359 0.0013814948 0.0048844963 -0.0014057071 0.0006575786 -0.007931871 0.009494578 -0.008760127 0.0070708385 0.0039059396 -0.0069985357 -0.0052955556 -0.007937486 -0.0051287026 0.007070895 0.009638589 0.002154629 0.0006411706 0.009524211
another -0.007139015 0.0012410306 -0.0071767163 -0.002244618 0.0037193035 0.005833124 0.0011981833 0.0021027315 -0.0041103913 0.0072253332 -0.0063070417 0.004647216 -0.008219973 0.002036468 -0.004977052 -0.004247688 -0.0031089843 0.0056552086 0.005798401 -0.004974649 0.0007733309 -0.008495778 0.0078098057 0.009257291 -0.0027423275 0.0008002233 0.0007466519 0.005477885 -0.008606079 0.00058445573 0.0068694223 0.0022315944 0.0011246764 -0.009322155 0.008482367 -0.0062641273 -0.0029923737 0.003493787 -0.0007726276 0.0014112913 0.0017819917 -0.0068288995 -0.009724812 0.009040585 0.0061980546 -0.0069129276 0.0034034825 0.00020606398 0.0047537456 -0.007119943 0.004026954 0.0043474343 0.009957369 -0.00447374 -0.0013892639 -0.0073173214 -0.009697829 -0.009080257 -0.0010227549 -0.00650329 0.004849728 -0.0061640264 0.0025191857 0.0007394409 -0.003392154 -0.0009792233 0.009979125 0.009145887 -0.0044618296 0.009083027 -0.005641763 0.005930922 -0.0030972182 0.0034317516 0.0030172265 0.006900461 -0.0023738837 0.008775037 0.007589428 -0.009547646 -0.008008209 -0.0076378966 0.0029232574 -0.0027947223 -0.0069295205 -0.008128264 0.00830918 0.0019904887 -0.009328017 -0.0047927164 0.0031367384 -0.004713206 0.005280843 -0.0042334413 0.002641796 -0.008045687 0.006209886 0.004818889 0.0007871926 0.0030134476
yet -0.0087274825 0.0021301615 -0.0008735442 -0.009319088 -0.009428143 -0.001410718 0.0044324086 0.003704071 -0.006498693 -0.0068730675 -0.004999412 -0.0022868442 -0.0072502876 -0.009603318 -0.0027436293 -0.008362841 -0.006038876 -0.005670929 -0.0023441375 -0.0017069972 -0.008956999 -0.0007351994 0.008152506 0.0076904297 -0.007206116 -0.0036668312 0.003118552 -0.0095707225 0.0014764392 0.0065244664 0.0057464195 -0.008763062 -0.004517144 -0.008140161 4.5956374e-05 0.009263634 0.0059733056 0.005067308 0.0050610625 -0.0032429171 0.009552184 -0.0073564244 -0.0072703874 -0.002265389 -0.00077856064 -0.0032161034 -0.0005925858 0.007488823 -0.0006975186 -0.0016249407 0.0027443992 -0.008359101 0.007855804 0.008536104 -0.009584087 0.0024462664 0.009904971 -0.0076658037 -0.0069669187 -0.007736517 0.008395923 -0.0006813359 0.009144409 -0.008158221 0.0037430846 0.0026350426 0.0007427132 0.002327676 -0.007469094 -0.0093583735 0.0023545765 0.006148455 0.007985689 0.0057358947 -0.00077733636 0.008306164 -0.009336314 0.0034061326 0.00026675343 0.0038572443 0.0073857834 -0.006725167 0.0055844807 -0.009522225 -0.00080445886 -0.008688737 -0.005098673 0.0092892265 -0.0018582619 0.0029144264 0.009071279 0.008938133 -0.008208435 -0.0030123137 0.009886606 0.005104431 -0.0015880871 -0.0086920215 0.0029615164 -0.0066758976
second 0.0081323255 -0.0044573634 -0.0010683989 0.0010063092 -0.00019105124 0.0011482334 0.0061138542 -2.0333302e-05 -0.0032459511 -0.0015107122 0.005897285 0.0015141221 -0.0007242353 0.00933326 -0.004921281 -0.00083840237 0.009175449 0.006749463 0.0015029223 -0.008882551 0.0011487029 -0.0022883047 0.009368249 0.0012099302 0.0014900293 0.0024064484 -0.0018360115 -0.0049997047 0.00023248262 -0.002014166 0.006601026 0.008940185 -0.0006748241 0.0029770834 -0.0061076763 0.0016993487 -0.006926331 -0.00869404 -0.0059002396 -0.0089564985 0.007277706 -0.0057721017 0.0082764635 -0.00724356 0.0034216964 0.009675061 -0.0077854437 -0.009945185 -0.0043292074 -0.0026832107 -0.000271235 -0.008831637 -0.008617583 0.0028002223 -0.0082065165 -0.009069363 -0.0023405114 -0.008631815 -0.0070566693 -0.008401267 -0.00030131993 -0.004564329 0.0066272444 0.0015272227 -0.0033414862 0.0061089927 -0.006013316 -0.0046562366 -0.007207535 -0.0043366225 -0.0018093787 0.006489626 -0.0027704001 0.0049190614 0.0069044554 -0.007463756 0.0045648273 0.006127022 -0.0029544749 0.0066251233 0.0061259232 -0.0064435448 -0.006764631 0.0025389262 -0.0016237898 -0.006065178 0.009499227 -0.0051301457 -0.0065541165 -0.00011993264 -0.002701456 0.00044440175 -0.003537504 -0.0004193347 -0.00070868625 0.000822791 0.00819493 -0.0057366947 -0.0016595445 0.005571598
word2vec 0.00816812 -0.0044430327 0.008985434 0.008253665 -0.004435222 0.0003031051 0.004274491 -0.00392632 -0.0055599655 -0.0065123225 -0.0006707382 -0.00029592158 0.004463085 -0.002474054 -0.00017260908 0.0024618758 0.004867599 -3.080845e-05 -0.0063394094 -0.009260807 2.665758e-05 0.0066618943 0.0014660227 -0.008966522 -0.007938605 0.0065519023 -0.0037856805 0.0062549924 -0.006681032 0.008479662 -0.0065163244 0.00328802 -0.0010569858 -0.006787528 -0.0032875966 -0.001161412 -0.00547094 -0.0012113475 -0.0075633135 0.0026466595 0.009070149 -0.0023772502 -0.00097651005 0.0035135616 0.008665088 -0.005921853 -0.006887578 -0.0029329848 0.009147696 0.00086626766 -0.008678401 -0.001446979 0.009479466 -0.0075494875 -0.0053580985 0.009316563 -0.008973726 0.0038259076 0.0006654406 0.0066607012 0.008312753 -0.0028507852 -0.003992313 0.008897917 0.002089646 0.0062489416 -0.009445715 0.009590124 -0.0013483083 -0.006052115 0.0029925345 -0.00045661093 0.0047064926 -0.002283021 -0.0041378425 0.0022778988 0.0083543835 -0.004995606 0.0026686788 -0.007990555 -0.0067733466 -0.00046766878 -0.008767728 0.0027894378 0.0015985954 -0.0023196924 0.005003791 0.009748787 0.008454268 -0.0018802249 0.0020581519 -0.004003689 -0.008241406 0.0062779556 -0.0019491815 -0.00066620467 -0.001771332 -0.0045356657 0.0040617096 -0.0042701806
for -0.0095785465 0.008943115 0.0041650687 0.009234735 0.0066435025 0.0029247368 0.00980402 -0.004424641 -0.006803311 0.0042273807 0.003729 -0.005664611 0.00970476 -0.0035583067 0.009549406 0.0008347261 -0.0063384566 -0.001977117 -0.0073770545 -0.002979523 0.0010416972 0.009482687 0.009355848 -0.0065958775 0.003475151 0.0022755705 -0.0024893521 -0.009229172 0.0010271263 -0.008165706 0.006320189 -0.0058000805 0.005535439 0.009833723 -0.00016000033 0.0045284927 -0.0018094003 0.007360761 0.003940097 -0.009010324 -0.002398504 0.003628769 -9.9568366e-05 -0.0012012708 -0.0010554385 -0.0016716016 0.00060495257 0.0041650953 -0.0042527914 -0.0038336217 -5.2816868e-05 0.00026935578 -0.00016880632 -0.0047855065 0.0043134023 -0.0021719194 0.0021035396 0.000666523 0.005969677 -0.006842381 -0.00681571 -0.0044762576 0.009435829 -0.0015918827 -0.009429242 -0.0005450416 -0.004448923 0.0060000787 -0.009583686 0.002859001 -0.009252832 0.0012498009 0.005999198 0.0073973476 -0.0076214634 -0.0060530235 -0.006838441 -0.00791834 -0.0094990805 -0.002125497 -0.0008359325 -0.0072562015 0.0067870365 0.0011196196 0.0058288667 0.0014728665 0.0007893658 -0.0073681297 -0.002176658 0.0043210792 -0.0050853146 0.0011307895 0.002883364 -0.001536361 0.009932295 0.008349635 0.0024156666 0.0071182456 0.0058914376 -0.005580617
first -0.0051562428 -0.0066683376 -0.007776835 0.008310728 -0.001982342 -0.0068549635 -0.004154389 0.0051441262 -0.0028691364 -0.0037496602 0.0016214252 -0.0027762938 -0.0015843606 0.0010744918 -0.0029779447 0.008519283 0.003910935 -0.009958863 0.0062595997 -0.006754254 0.0007694328 0.0044042347 -0.005103375 -0.0021106696 0.008095479 -0.0042437925 -0.007636261 0.009257913 -0.002155497 -0.0047194324 0.0085708 0.004283339 0.0043248367 0.009284513 -0.00845308 0.00525532 0.0020393515 0.00418828 0.0016979002 0.004464134 0.0044862903 0.006104522 -0.0032020975 -0.004575728 -0.00042651652 0.0025337338 -0.003263167 0.006057718 0.0041541304 0.0077645923 0.0025692724 0.008116683 -0.0013872099 0.008077928 0.003717016 -0.008047325 -0.0039336146 -0.0024718784 0.004893044 -0.000872159 -0.0028309084 0.007833707 0.0093229 -0.0016149282 -0.0051592495 -0.0047017587 -0.004846051 -0.009602826 0.0013720202 -0.0042249155 0.0025267089 0.0056144833 -0.0040659057 -0.009596582 0.0015466976 -0.0067001223 0.0024951743 -0.003780632 0.0070784213 0.00064022065 0.0035609389 -0.0027391338 -0.0017105473 0.007652793 0.0014076781 -0.0058504487 -0.007834497 0.0012326873 0.006454631 0.0055563496 -0.00897705 0.008592164 0.004046978 0.007469605 0.0097463345 -0.00728958 -0.009039963 0.0058360007 0.009391213 0.0035069252
